sequence_name,pose_index,0,1,-1,3,-3
grass01,777,1680,1682,1678,1686,1674
grass01,778,1682,1684,1680,1688,1676
grass01,779,1684,1686,1682,1690,1678
grass01,780,1686,1688,1684,1692,1680
grass01,781,1688,1690,1686,1694,1682
grass01,782,1690,1692,1688,1696,1684
grass01,783,1692,1694,1690,1698,1686
grass01,784,1694,1696,1692,1700,1688
grass01,785,1696,1698,1694,1702,1690
grass01,786,1698,1700,1696,1704,1692
grass01,787,1700,1702,1698,1706,1694
grass01,788,1702,1704,1700,1708,1696
grass01,789,1704,1706,1702,1710,1698
grass01,790,1706,1708,1704,1712,1700
grass01,791,1708,1710,1706,1714,1702
grass01,792,1710,1712,1708,1716,1704
grass01,793,1712,1714,1710,1718,1706
grass01,794,1714,1716,1712,1720,1708
grass01,795,1716,1718,1714,1722,1710
grass01,796,1718,1720,1716,1724,1712
grass01,797,1720,1722,1718,1726,1714
grass01,798,1722,1724,1720,1728,1716
grass01,799,1724,1726,1722,1730,1718
grass01,800,1726,1728,1724,1732,1720
grass01,801,1728,1730,1726,1734,1722
grass01,802,1730,1732,1728,1736,1724
grass01,803,1732,1734,1730,1738,1726
grass01,804,1734,1736,1732,1740,1728
grass01,805,1736,1738,1734,1742,1730
grass01,806,1738,1740,1736,1744,1732
grass01,807,1740,1742,1738,1746,1734
grass01,808,1742,1744,1740,1748,1736
grass01,809,1744,1746,1742,1750,1738
grass01,810,1746,1748,1744,1752,1740
grass01,811,1748,1750,1746,1754,1742
grass01,812,1750,1752,1748,1756,1744
grass01,813,1752,1754,1750,1758,1746
grass01,814,1754,1756,1752,1760,1748
grass01,815,1756,1758,1754,1762,1750
grass01,816,1758,1760,1756,1764,1752
grass01,817,1760,1762,1758,1766,1754
grass01,818,1762,1764,1760,1768,1756
grass01,819,1764,1766,1762,1770,1758
grass01,820,1766,1768,1764,1772,1760
grass01,821,1768,1770,1766,1774,1762
grass01,822,1770,1772,1768,1776,1764
grass01,823,1772,1774,1770,1778,1766
grass01,824,1774,1776,1772,1780,1768
grass01,825,1776,1778,1774,1782,1770
grass01,826,1778,1780,1776,1784,1772
grass01,827,1780,1782,1778,1786,1774
grass01,828,1782,1784,1780,1788,1776
grass01,829,1784,1786,1782,1790,1778
grass01,830,1786,1788,1784,1792,1780
grass01,831,1788,1790,1786,1794,1782
grass01,832,1790,1792,1788,1796,1784
grass01,833,1792,1794,1790,1798,1786
grass01,834,1794,1796,1792,1800,1788
grass01,835,1796,1798,1794,1802,1790
grass01,836,1798,1800,1796,1804,1792
grass01,837,1800,1802,1798,1806,1794
grass01,838,1802,1804,1800,1808,1796
grass01,839,1804,1806,1802,1810,1798
grass01,840,1806,1808,1804,1812,1800
grass01,841,1808,1810,1806,1814,1802
grass01,842,1810,1812,1808,1816,1804
grass01,843,1812,1814,1810,1818,1806
grass01,844,1814,1816,1812,1820,1808
grass01,845,1816,1818,1814,1822,1810
grass01,846,1818,1820,1816,1824,1812
grass01,847,1820,1822,1818,1826,1814
grass01,848,1822,1824,1820,1828,1816
grass01,849,1824,1826,1822,1830,1818
grass01,850,1826,1828,1824,1832,1820
grass01,851,1828,1830,1826,1834,1822
grass01,852,1830,1832,1828,1836,1824
grass01,853,1832,1834,1830,1838,1826
grass01,854,1834,1836,1832,1840,1828
grass01,855,1836,1838,1834,1842,1830
grass01,856,1838,1840,1836,1844,1832
grass01,857,1840,1842,1838,1846,1834
grass01,858,1842,1844,1840,1848,1836
grass01,859,1844,1846,1842,1850,1838
grass01,860,1846,1848,1844,1852,1840
grass01,861,1848,1850,1846,1854,1842
grass01,862,1850,1852,1848,1856,1844
grass01,863,1852,1854,1850,1858,1846
grass01,864,1854,1856,1852,1860,1848
grass01,865,1856,1858,1854,1862,1850
grass01,866,1858,1860,1856,1864,1852
grass01,867,1860,1862,1858,1866,1854
grass01,868,1862,1864,1860,1868,1856
grass01,869,1864,1866,1862,1870,1858
grass01,870,1866,1868,1864,1872,1860
grass01,871,1868,1870,1866,1874,1862
grass01,872,1870,1872,1868,1876,1864
grass01,873,1872,1874,1870,1878,1866
grass01,874,1874,1876,1872,1880,1868
grass01,875,1876,1878,1874,1882,1870
grass01,876,1878,1880,1876,1884,1872
grass01,877,1880,1882,1878,1886,1874
grass01,878,1882,1884,1880,1888,1876
grass01,879,1884,1886,1882,1890,1878
grass01,880,1886,1888,1884,1892,1880
grass01,881,1888,1890,1886,1894,1882
grass01,882,1890,1892,1888,1896,1884
grass01,883,1892,1894,1890,1898,1886
grass01,884,1894,1896,1892,1900,1888
grass01,885,1896,1898,1894,1902,1890
grass01,886,1898,1900,1896,1904,1892
grass01,887,1900,1902,1898,1906,1894
grass01,888,1902,1904,1900,1908,1896
grass01,889,1904,1906,1902,1910,1898
grass01,890,1906,1908,1904,1912,1900
grass01,891,1908,1910,1906,1914,1902
grass01,892,1910,1912,1908,1916,1904
grass01,893,1912,1914,1910,1918,1906
grass01,894,1914,1916,1912,1920,1908
grass01,895,1916,1918,1914,1922,1910
grass01,896,1918,1920,1916,1924,1912
grass01,897,1920,1922,1918,1926,1914
grass01,898,1922,1924,1920,1928,1916
grass01,899,1924,1926,1922,1930,1918
grass01,900,1926,1928,1924,1932,1920
grass01,901,1928,1930,1926,1934,1922
grass01,902,1930,1932,1928,1936,1924
grass01,903,1932,1934,1930,1938,1926
grass01,904,1934,1936,1932,1940,1928
grass01,905,1936,1938,1934,1942,1930
grass01,906,1938,1940,1936,1944,1932
grass01,907,1940,1942,1938,1946,1934
grass01,908,1942,1944,1940,1948,1936
grass01,909,1944,1946,1942,1950,1938
grass01,910,1946,1948,1944,1952,1940
grass01,911,1948,1950,1946,1954,1942
grass01,912,1950,1952,1948,1956,1944
grass01,913,1952,1954,1950,1958,1946
grass01,914,1954,1956,1952,1960,1948
grass01,915,1956,1958,1954,1962,1950
grass01,916,1958,1960,1956,1964,1952
grass01,917,1960,1962,1958,1966,1954
grass01,918,1962,1964,1960,1968,1956
grass01,919,1964,1966,1962,1970,1958
grass01,920,1966,1968,1964,1972,1960
grass01,921,1968,1970,1966,1974,1962
grass01,922,1970,1972,1968,1976,1964
grass01,923,1972,1974,1970,1978,1966
grass01,924,1974,1976,1972,1980,1968
grass01,925,1976,1978,1974,1982,1970
grass01,926,1978,1980,1976,1984,1972
grass01,927,1980,1982,1978,1986,1974
grass01,928,1982,1984,1980,1988,1976
grass01,929,1984,1986,1982,1990,1978
grass01,930,1986,1988,1984,1992,1980
grass01,931,1988,1990,1986,1994,1982
grass01,932,1990,1992,1988,1996,1984
grass01,933,1992,1994,1990,1998,1986
grass01,934,1994,1996,1992,2000,1988
grass01,935,1996,1998,1994,2002,1990
grass01,936,1998,2000,1996,2004,1992
grass01,937,2000,2002,1998,2006,1994
grass01,938,2002,2004,2000,2008,1996
grass01,939,2004,2006,2002,2010,1998
grass01,940,2006,2008,2004,2012,2000
grass01,941,2008,2010,2006,2014,2002
grass01,942,2010,2012,2008,2016,2004
grass01,943,2012,2014,2010,2018,2006
grass01,944,2014,2016,2012,2020,2008
grass01,945,2016,2018,2014,2022,2010
grass01,946,2018,2020,2016,2024,2012
grass01,947,2020,2022,2018,2026,2014
grass01,948,2022,2024,2020,2028,2016
grass01,949,2024,2026,2022,2030,2018
grass01,950,2026,2028,2024,2032,2020
grass01,951,2028,2030,2026,2034,2022
grass01,952,2030,2032,2028,2036,2024
grass01,953,2032,2034,2030,2038,2026
grass01,954,2034,2036,2032,2040,2028
grass01,955,2036,2038,2034,2042,2030
grass01,956,2038,2040,2036,2044,2032
grass01,957,2040,2042,2038,2046,2034
grass01,958,2042,2044,2040,2048,2036
grass01,959,2044,2046,2042,2050,2038
grass01,960,2046,2048,2044,2052,2040
grass01,961,2048,2050,2046,2054,2042
grass01,962,2050,2052,2048,2056,2044
grass01,963,2052,2054,2050,2058,2046
grass01,964,2054,2056,2052,2060,2048
grass01,965,2056,2058,2054,2062,2050
grass01,966,2058,2060,2056,2064,2052
grass01,967,2060,2062,2058,2066,2054
grass01,968,2062,2064,2060,2068,2056
grass01,969,2064,2066,2062,2070,2058
grass01,970,2066,2068,2064,2072,2060
grass01,971,2068,2070,2066,2074,2062
grass01,972,2070,2072,2068,2076,2064
grass01,973,2072,2074,2070,2078,2066
grass01,974,2074,2076,2072,2080,2068
grass01,975,2076,2078,2074,2082,2070
grass01,976,2078,2080,2076,2084,2072
grass01,977,2080,2082,2078,2086,2074
grass01,978,2082,2084,2080,2088,2076
grass01,979,2084,2086,2082,2090,2078
grass01,980,2086,2088,2084,2092,2080
grass01,981,2088,2090,2086,2094,2082
grass01,982,2090,2092,2088,2096,2084
grass01,983,2092,2094,2090,2098,2086
grass01,984,2094,2096,2092,2100,2088
grass01,985,2096,2098,2094,2102,2090
grass01,986,2098,2100,2096,2104,2092
grass01,987,2100,2102,2098,2106,2094
grass01,988,2102,2104,2100,2108,2096
grass01,989,2104,2106,2102,2110,2098
grass01,990,2106,2108,2104,2112,2100
grass01,991,2108,2110,2106,2114,2102
grass01,992,2110,2112,2108,2116,2104
grass01,993,2112,2114,2110,2118,2106
grass01,994,2114,2116,2112,2120,2108
grass01,995,2116,2118,2114,2122,2110
grass01,996,2118,2120,2116,2124,2112
grass01,997,2120,2122,2118,2126,2114
grass01,998,2122,2124,2120,2128,2116
grass01,999,2124,2126,2122,2130,2118
grass01,1000,2126,2128,2124,2132,2120
grass01,1001,2128,2130,2126,2134,2122
grass01,1002,2130,2132,2128,2136,2124
grass01,1003,2132,2134,2130,2138,2126
grass01,1004,2134,2136,2132,2140,2128
grass01,1005,2136,2138,2134,2142,2130
grass01,1006,2138,2140,2136,2144,2132
grass01,1007,2140,2142,2138,2146,2134
grass01,1008,2142,2144,2140,2148,2136
grass01,1009,2144,2146,2142,2150,2138
grass01,1010,2146,2148,2144,2152,2140
grass01,1011,2148,2150,2146,2154,2142
grass01,1012,2150,2152,2148,2156,2144
grass01,1013,2152,2154,2150,2158,2146
grass01,1014,2154,2156,2152,2160,2148
grass01,1015,2156,2158,2154,2162,2150
grass01,1016,2158,2160,2156,2164,2152
grass01,1017,2160,2162,2158,2166,2154
grass01,1018,2162,2164,2160,2168,2156
grass01,1019,2164,2166,2162,2170,2158
grass01,1020,2166,2168,2164,2172,2160
grass01,1021,2168,2170,2166,2174,2162
grass01,1022,2170,2172,2168,2176,2164
grass01,1023,2172,2174,2170,2178,2166
grass01,1024,2174,2176,2172,2180,2168
grass01,1025,2176,2178,2174,2182,2170
grass01,1026,2178,2180,2176,2184,2172
grass01,1027,2180,2182,2178,2186,2174
grass01,1028,2182,2184,2180,2188,2176
grass01,1029,2184,2186,2182,2190,2178
grass01,1030,2186,2188,2184,2192,2180
grass01,1031,2188,2190,2186,2194,2182
grass01,1032,2190,2192,2188,2196,2184
grass01,1033,2192,2194,2190,2198,2186
grass01,1034,2194,2196,2192,2200,2188
grass01,1035,2196,2198,2194,2202,2190
grass01,1036,2198,2200,2196,2204,2192
grass01,1037,2200,2202,2198,2206,2194
grass01,1038,2202,2204,2200,2208,2196
grass01,1039,2204,2206,2202,2210,2198
grass01,1040,2206,2208,2204,2212,2200
grass01,1041,2208,2210,2206,2214,2202
grass01,1042,2210,2212,2208,2216,2204
grass01,1043,2212,2214,2210,2218,2206
grass01,1044,2214,2216,2212,2220,2208
grass01,1045,2216,2218,2214,2222,2210
grass01,1046,2218,2220,2216,2224,2212
grass01,1047,2220,2222,2218,2226,2214
grass01,1048,2222,2224,2220,2228,2216
grass01,1049,2224,2226,2222,2230,2218
grass01,1050,2226,2228,2224,2232,2220
grass01,1051,2228,2230,2226,2234,2222
grass01,1052,2230,2232,2228,2236,2224
grass01,1053,2232,2234,2230,2238,2226
grass01,1054,2234,2236,2232,2240,2228
grass01,1055,2236,2238,2234,2242,2230
grass01,1056,2238,2240,2236,2244,2232
grass01,1057,2240,2242,2238,2246,2234
grass01,1058,2242,2244,2240,2248,2236
grass01,1059,2244,2246,2242,2250,2238
grass01,1060,2246,2248,2244,2252,2240
grass01,1061,2248,2250,2246,2254,2242
grass01,1062,2250,2252,2248,2256,2244
grass01,1063,2252,2254,2250,2258,2246
grass01,1064,2254,2256,2252,2260,2248
grass01,1065,2256,2258,2254,2262,2250
grass01,1066,2258,2260,2256,2264,2252
grass01,1067,2260,2262,2258,2266,2254
grass01,1068,2262,2264,2260,2268,2256
grass01,1069,2264,2266,2262,2270,2258
grass01,1070,2266,2268,2264,2272,2260
grass01,1071,2268,2270,2266,2274,2262
grass01,1072,2270,2272,2268,2276,2264
grass01,1073,2272,2274,2270,2278,2266
grass01,1074,2274,2276,2272,2280,2268
grass01,1075,2276,2278,2274,2282,2270
grass01,1076,2278,2280,2276,2284,2272
grass01,1077,2280,2282,2278,2286,2274
grass01,1078,2282,2284,2280,2288,2276
grass01,1079,2284,2286,2282,2290,2278
grass01,1080,2286,2288,2284,2292,2280
grass01,1081,2288,2290,2286,2294,2282
grass01,1082,2290,2292,2288,2296,2284
grass01,1083,2292,2294,2290,2298,2286
grass01,1084,2294,2296,2292,2300,2288
grass01,1085,2296,2298,2294,2302,2290
grass01,1086,2298,2300,2296,2304,2292
grass01,1087,2300,2302,2298,2306,2294
grass01,1088,2302,2304,2300,2308,2296
grass01,1089,2304,2306,2302,2310,2298
grass01,1090,2306,2308,2304,2312,2300
grass01,1091,2308,2310,2306,2314,2302
grass01,1092,2310,2312,2308,2316,2304
grass01,1093,2312,2314,2310,2318,2306
grass01,1094,2314,2316,2312,2320,2308
grass01,1095,2316,2318,2314,2322,2310
grass01,1096,2318,2320,2316,2324,2312
grass01,1097,2320,2322,2318,2326,2314
grass01,1098,2322,2324,2320,2328,2316
grass01,1099,2324,2326,2322,2330,2318
grass01,1100,2326,2328,2324,2332,2320
grass01,1101,2328,2330,2326,2334,2322
grass01,1102,2330,2332,2328,2336,2324
grass01,1103,2332,2334,2330,2338,2326
grass01,1104,2334,2336,2332,2340,2328
grass01,1105,2336,2338,2334,2342,2330
grass01,1106,2338,2340,2336,2344,2332
grass01,1107,2340,2342,2338,2346,2334
grass01,1108,2342,2344,2340,2348,2336
grass01,1109,2344,2346,2342,2350,2338
grass01,1110,2346,2348,2344,2352,2340
grass01,1111,2348,2350,2346,2354,2342
grass01,1112,2350,2352,2348,2356,2344
grass01,1113,2352,2354,2350,2358,2346
grass01,1114,2354,2356,2352,2360,2348
grass01,1115,2356,2358,2354,2362,2350
grass01,1116,2358,2360,2356,2364,2352
grass01,1117,2360,2362,2358,2366,2354
grass01,1118,2362,2364,2360,2368,2356
grass01,1119,2364,2366,2362,2370,2358
grass01,1120,2366,2368,2364,2372,2360
grass01,1121,2368,2370,2366,2374,2362
grass01,1122,2370,2372,2368,2376,2364
grass01,1123,2372,2374,2370,2378,2366
grass01,1124,2374,2376,2372,2380,2368
grass01,1125,2376,2378,2374,2382,2370
grass01,1126,2378,2380,2376,2384,2372
grass01,1127,2380,2382,2378,2386,2374
grass01,1128,2382,2384,2380,2388,2376
grass01,1129,2384,2386,2382,2390,2378
grass01,1130,2386,2388,2384,2392,2380
grass01,1131,2388,2390,2386,2394,2382
grass01,1132,2390,2392,2388,2396,2384
grass01,1133,2392,2394,2390,2398,2386
grass01,1134,2394,2396,2392,2400,2388
grass01,1135,2396,2398,2394,2402,2390
grass01,1136,2398,2400,2396,2404,2392
grass01,1137,2400,2402,2398,2406,2394
grass01,1138,2402,2404,2400,2408,2396
grass01,1139,2404,2406,2402,2410,2398
grass01,1140,2406,2408,2404,2412,2400
grass01,1141,2408,2410,2406,2414,2402
grass01,1142,2410,2412,2408,2416,2404
grass01,1143,2412,2414,2410,2418,2406
grass01,1144,2414,2416,2412,2420,2408
grass01,1145,2416,2418,2414,2422,2410
grass01,1146,2418,2420,2416,2424,2412
grass01,1147,2420,2422,2418,2426,2414
grass01,1148,2422,2424,2420,2428,2416
grass01,1149,2424,2426,2422,2430,2418
grass01,1150,2426,2428,2424,2432,2420
grass01,1151,2428,2430,2426,2434,2422
grass01,1152,2430,2432,2428,2436,2424
grass01,1153,2432,2434,2430,2438,2426
grass01,1154,2434,2436,2432,2440,2428
grass01,1155,2436,2438,2434,2442,2430
grass01,1156,2438,2440,2436,2444,2432
grass01,1157,2440,2442,2438,2446,2434
grass01,1158,2442,2444,2440,2448,2436
grass01,1159,2444,2446,2442,2450,2438
grass01,1160,2446,2448,2444,2452,2440
grass01,1161,2448,2450,2446,2454,2442
grass01,1162,2450,2452,2448,2456,2444
grass01,1163,2452,2454,2450,2458,2446
grass01,1164,2454,2456,2452,2460,2448
grass01,1165,2456,2458,2454,2462,2450
grass01,1166,2458,2460,2456,2464,2452
grass01,1167,2460,2462,2458,2466,2454
grass01,1168,2462,2464,2460,2468,2456
grass01,1169,2464,2466,2462,2470,2458
grass01,1170,2466,2468,2464,2472,2460
grass01,1171,2468,2470,2466,2474,2462
grass01,1172,2470,2472,2468,2476,2464
grass01,1173,2472,2474,2470,2478,2466
grass01,1174,2474,2476,2472,2480,2468
grass01,1175,2476,2478,2474,2482,2470
grass01,1176,2478,2480,2476,2484,2472
grass01,1177,2480,2482,2478,2486,2474
grass01,1178,2482,2484,2480,2488,2476
grass01,1179,2484,2486,2482,2490,2478
grass01,1180,2486,2488,2484,2492,2480
grass01,1181,2488,2490,2486,2494,2482
grass01,1182,2490,2492,2488,2496,2484
grass01,1183,2492,2494,2490,2498,2486
grass01,1184,2494,2496,2492,2500,2488
grass01,1185,2496,2498,2494,2502,2490
grass01,1186,2498,2500,2496,2504,2492
grass01,1187,2500,2502,2498,2506,2494
grass01,1188,2502,2504,2500,2508,2496
grass01,1189,2504,2506,2502,2510,2498
grass01,1190,2506,2508,2504,2512,2500
grass01,1191,2508,2510,2506,2514,2502
grass01,1192,2510,2512,2508,2516,2504
grass01,1193,2512,2514,2510,2518,2506
grass01,1194,2514,2516,2512,2520,2508
grass01,1195,2516,2518,2514,2522,2510
grass01,1196,2518,2520,2516,2524,2512
grass01,1197,2520,2522,2518,2526,2514
grass01,1198,2522,2524,2520,2528,2516
grass01,1199,2524,2526,2522,2530,2518
grass01,1200,2526,2528,2524,2532,2520
grass01,1201,2528,2530,2526,2534,2522
grass01,1202,2530,2532,2528,2536,2524
grass01,1203,2532,2534,2530,2538,2526
grass01,1204,2534,2536,2532,2540,2528
grass01,1205,2536,2538,2534,2542,2530
grass01,1206,2538,2540,2536,2544,2532
grass01,1207,2540,2542,2538,2546,2534
grass01,1208,2542,2544,2540,2548,2536
grass01,1209,2544,2546,2542,2550,2538
grass01,1210,2546,2548,2544,2552,2540
grass01,1211,2548,2550,2546,2554,2542
grass01,1212,2550,2552,2548,2556,2544
grass01,1213,2552,2554,2550,2558,2546
grass01,1214,2554,2556,2552,2560,2548
grass01,1215,2556,2558,2554,2562,2550
grass01,1216,2558,2560,2556,2564,2552
grass01,1217,2560,2562,2558,2566,2554
grass01,1218,2562,2564,2560,2568,2556
grass01,1219,2564,2566,2562,2570,2558
grass01,1220,2566,2568,2564,2572,2560
grass01,1221,2568,2570,2566,2574,2562
grass01,1222,2570,2572,2568,2576,2564
grass01,1223,2572,2574,2570,2578,2566
grass01,1224,2574,2576,2572,2580,2568
grass01,1225,2576,2578,2574,2582,2570
grass01,1226,2578,2580,2576,2584,2572
grass01,1227,2580,2582,2578,2586,2574
grass01,1228,2582,2584,2580,2588,2576
grass01,1229,2584,2586,2582,2590,2578
grass01,1230,2586,2588,2584,2592,2580
grass01,1231,2588,2590,2586,2594,2582
grass01,1232,2590,2592,2588,2596,2584
grass01,1233,2592,2594,2590,2598,2586
grass01,1234,2594,2596,2592,2600,2588
grass01,1235,2596,2598,2594,2602,2590
grass01,1236,2598,2600,2596,2604,2592
grass01,1237,2600,2602,2598,2606,2594
grass01,1238,2602,2604,2600,2608,2596
grass01,1239,2604,2606,2602,2610,2598
grass01,1240,2606,2608,2604,2612,2600
grass01,1241,2608,2610,2606,2614,2602
grass01,1242,2610,2612,2608,2616,2604
grass01,1243,2612,2614,2610,2618,2606
grass01,1244,2614,2616,2612,2620,2608
grass01,1245,2616,2618,2614,2622,2610
grass01,1246,2618,2620,2616,2624,2612
grass01,1247,2620,2622,2618,2626,2614
grass01,1248,2622,2624,2620,2628,2616
grass01,1249,2624,2626,2622,2630,2618
grass01,1250,2626,2628,2624,2632,2620
grass01,1251,2628,2630,2626,2634,2622
grass01,1252,2630,2632,2628,2636,2624
grass01,1253,2632,2634,2630,2638,2626
grass01,1254,2634,2636,2632,2640,2628
grass01,1255,2636,2638,2634,2642,2630
grass01,1256,2638,2640,2636,2644,2632
grass01,1257,2640,2642,2638,2646,2634
grass01,1258,2642,2644,2640,2648,2636
grass01,1259,2644,2646,2642,2650,2638
grass01,1260,2646,2648,2644,2652,2640
grass01,1261,2648,2650,2646,2654,2642
grass01,1262,2650,2652,2648,2656,2644
grass01,1263,2652,2654,2650,2658,2646
grass01,1264,2654,2656,2652,2660,2648
grass01,1265,2656,2658,2654,2662,2650
grass01,1266,2658,2660,2656,2664,2652
grass01,1267,2660,2662,2658,2666,2654
grass01,1268,2662,2664,2660,2668,2656
grass01,1269,2664,2666,2662,2670,2658
grass01,1270,2666,2668,2664,2672,2660
grass01,1271,2668,2670,2666,2674,2662
grass01,1272,2670,2672,2668,2676,2664
grass01,1273,2672,2674,2670,2678,2666
grass01,1274,2674,2676,2672,2680,2668
grass01,1275,2676,2678,2674,2682,2670
grass01,1276,2678,2680,2676,2684,2672
grass01,1277,2680,2682,2678,2686,2674
grass01,1278,2682,2684,2680,2688,2676
grass01,1279,2684,2686,2682,2690,2678
grass01,1280,2686,2688,2684,2692,2680
grass01,1281,2688,2690,2686,2694,2682
grass01,1282,2690,2692,2688,2696,2684
grass01,1283,2692,2694,2690,2698,2686
grass01,1284,2694,2696,2692,2700,2688
grass01,1285,2696,2698,2694,2702,2690
grass01,1286,2698,2700,2696,2704,2692
grass01,1287,2700,2702,2698,2706,2694
grass01,1288,2702,2704,2700,2708,2696
grass01,1289,2704,2706,2702,2710,2698
grass01,1290,2706,2708,2704,2712,2700
grass01,1291,2708,2710,2706,2714,2702
grass01,1292,2710,2712,2708,2716,2704
grass01,1293,2712,2714,2710,2718,2706
grass01,1294,2714,2716,2712,2720,2708
grass01,1295,2716,2718,2714,2722,2710
grass01,1296,2718,2720,2716,2724,2712
grass01,1297,2720,2722,2718,2726,2714
grass01,1298,2722,2724,2720,2728,2716
grass01,1299,2724,2726,2722,2730,2718
grass01,1300,2726,2728,2724,2732,2720
grass01,1301,2728,2730,2726,2734,2722
grass01,1302,2730,2732,2728,2736,2724
grass01,1303,2732,2734,2730,2738,2726
grass01,1304,2734,2736,2732,2740,2728
grass01,1305,2736,2738,2734,2742,2730
grass01,1306,2738,2740,2736,2744,2732
grass01,1307,2740,2742,2738,2746,2734
grass01,1308,2742,2744,2740,2748,2736
grass01,1309,2744,2746,2742,2750,2738
grass01,1310,2746,2748,2744,2752,2740
grass01,1311,2748,2750,2746,2754,2742
grass01,1312,2750,2752,2748,2756,2744
grass01,1313,2752,2754,2750,2758,2746
grass01,1314,2754,2756,2752,2760,2748
grass01,1315,2756,2758,2754,2762,2750
grass01,1316,2758,2760,2756,2764,2752
grass01,1317,2760,2762,2758,2766,2754
grass01,1318,2762,2764,2760,2768,2756
grass01,1319,2764,2766,2762,2770,2758
grass01,1320,2766,2768,2764,2772,2760
grass01,1321,2768,2770,2766,2774,2762
grass01,1322,2770,2772,2768,2776,2764
grass01,1323,2772,2774,2770,2778,2766
grass01,1324,2774,2776,2772,2780,2768
grass01,1325,2776,2778,2774,2782,2770
grass01,1326,2778,2780,2776,2784,2772
grass01,1327,2780,2782,2778,2786,2774
grass01,1328,2782,2784,2780,2788,2776
grass01,1329,2784,2786,2782,2790,2778
grass01,1330,2786,2788,2784,2792,2780
grass01,1331,2788,2790,2786,2794,2782
grass01,1332,2790,2792,2788,2796,2784
grass01,1333,2792,2794,2790,2798,2786
grass01,1334,2794,2796,2792,2800,2788
grass01,1335,2796,2798,2794,2802,2790
grass01,1336,2798,2800,2796,2804,2792
grass01,1337,2800,2802,2798,2806,2794
grass01,1338,2802,2804,2800,2808,2796
grass01,1339,2804,2806,2802,2810,2798
grass01,1340,2806,2808,2804,2812,2800
grass01,1341,2808,2810,2806,2814,2802
grass01,1342,2810,2812,2808,2816,2804
grass01,1343,2812,2814,2810,2818,2806
grass01,1344,2814,2816,2812,2820,2808
grass01,1345,2816,2818,2814,2822,2810
grass01,1346,2818,2820,2816,2824,2812
grass01,1347,2820,2822,2818,2826,2814
grass01,1348,2822,2824,2820,2828,2816
grass01,1349,2824,2826,2822,2830,2818
grass01,1350,2826,2828,2824,2832,2820
grass01,1351,2828,2830,2826,2834,2822
grass01,1352,2830,2832,2828,2836,2824
grass01,1353,2832,2834,2830,2838,2826
grass01,1354,2834,2836,2832,2840,2828
grass01,1355,2836,2838,2834,2842,2830
grass01,1356,2838,2840,2836,2844,2832
grass01,1357,2840,2842,2838,2846,2834
grass01,1358,2842,2844,2840,2848,2836
grass01,1359,2844,2846,2842,2850,2838
grass01,1360,2846,2848,2844,2852,2840
grass01,1361,2848,2850,2846,2854,2842
grass01,1362,2850,2852,2848,2856,2844
grass01,1363,2852,2854,2850,2858,2846
grass01,1364,2854,2856,2852,2860,2848
grass01,1365,2856,2858,2854,2862,2850
grass01,1366,2858,2860,2856,2864,2852
grass01,1367,2860,2862,2858,2866,2854
grass01,1368,2862,2864,2860,2868,2856
grass01,1369,2864,2866,2862,2870,2858
grass01,1370,2866,2868,2864,2872,2860
grass01,1371,2868,2870,2866,2874,2862
grass01,1372,2870,2872,2868,2876,2864
grass01,1373,2872,2874,2870,2878,2866
grass01,1374,2874,2876,2872,2880,2868
grass01,1375,2876,2878,2874,2882,2870
grass01,1376,2878,2880,2876,2884,2872
grass01,1377,2880,2882,2878,2886,2874
grass01,1378,2882,2884,2880,2888,2876
grass01,1379,2884,2886,2882,2890,2878
grass01,1380,2886,2888,2884,2892,2880
grass01,1381,2888,2890,2886,2894,2882
grass01,1382,2890,2892,2888,2896,2884
grass01,1383,2892,2894,2890,2898,2886
grass01,1384,2894,2896,2892,2900,2888
grass01,1385,2896,2898,2894,2902,2890
grass01,1386,2898,2900,2896,2904,2892
grass01,1387,2900,2902,2898,2906,2894
grass01,1388,2902,2904,2900,2908,2896
grass01,1389,2904,2906,2902,2910,2898
grass01,1390,2906,2908,2904,2912,2900
grass01,1391,2908,2910,2906,2914,2902
grass01,1392,2910,2912,2908,2916,2904
grass01,1393,2912,2914,2910,2918,2906
grass01,1394,2914,2916,2912,2920,2908
grass01,1395,2916,2918,2914,2922,2910
grass01,1396,2918,2920,2916,2924,2912
grass01,1397,2920,2922,2918,2926,2914
grass01,1398,2922,2924,2920,2928,2916
grass01,1399,2924,2926,2922,2930,2918
grass01,1400,2926,2928,2924,2932,2920
grass01,1401,2928,2930,2926,2934,2922
grass01,1402,2930,2932,2928,2936,2924
grass01,1403,2932,2934,2930,2938,2926
grass01,1404,2934,2936,2932,2940,2928
grass01,1405,2936,2938,2934,2942,2930
grass01,1406,2938,2940,2936,2944,2932
grass01,1407,2940,2942,2938,2946,2934
grass01,1408,2942,2944,2940,2948,2936
grass01,1409,2944,2946,2942,2950,2938
grass01,1410,2946,2948,2944,2952,2940
grass01,1411,2948,2950,2946,2954,2942
grass01,1412,2950,2952,2948,2956,2944
grass01,1413,2952,2954,2950,2958,2946
grass01,1414,2954,2956,2952,2960,2948
grass01,1415,2956,2958,2954,2962,2950
grass01,1416,2958,2960,2956,2964,2952
grass01,1417,2960,2962,2958,2966,2954
grass01,1418,2962,2964,2960,2968,2956
grass01,1419,2964,2966,2962,2970,2958
grass01,1420,2966,2968,2964,2972,2960
grass01,1421,2968,2970,2966,2974,2962
grass01,1422,2970,2972,2968,2976,2964
grass01,1423,2972,2974,2970,2978,2966
grass01,1424,2974,2976,2972,2980,2968
grass01,1425,2976,2978,2974,2982,2970
grass01,1426,2978,2980,2976,2984,2972
grass01,1427,2980,2982,2978,2986,2974
grass01,1428,2982,2984,2980,2988,2976
grass01,1429,2984,2986,2982,2990,2978
grass01,1430,2986,2988,2984,2992,2980
grass01,1431,2988,2990,2986,2994,2982
grass01,1432,2990,2992,2988,2996,2984
grass01,1433,2992,2994,2990,2998,2986
grass01,1434,2994,2996,2992,3000,2988
grass01,1435,2996,2998,2994,3002,2990
grass01,1436,2998,3000,2996,3004,2992
grass01,1437,3000,3002,2998,3006,2994
grass01,1438,3002,3004,3000,3008,2996
grass01,1439,3004,3006,3002,3010,2998
grass01,1440,3006,3008,3004,3012,3000
grass01,1441,3008,3010,3006,3014,3002
grass01,1442,3010,3012,3008,3016,3004
grass01,1443,3012,3014,3010,3018,3006
grass01,1444,3014,3016,3012,3020,3008
grass01,1445,3016,3018,3014,3022,3010
grass01,1446,3018,3020,3016,3024,3012
grass01,1447,3020,3022,3018,3026,3014
grass01,1448,3022,3024,3020,3028,3016
grass01,1449,3024,3026,3022,3030,3018
grass01,1450,3026,3028,3024,3032,3020
grass01,1451,3028,3030,3026,3034,3022
grass01,1452,3030,3032,3028,3036,3024
grass01,1453,3032,3034,3030,3038,3026
grass01,1454,3034,3036,3032,3040,3028
grass01,1455,3036,3038,3034,3042,3030
grass01,1456,3038,3040,3036,3044,3032
grass01,1457,3040,3042,3038,3046,3034
grass01,1458,3042,3044,3040,3048,3036
grass01,1459,3044,3046,3042,3050,3038
grass01,1460,3046,3048,3044,3052,3040
grass01,1461,3048,3050,3046,3054,3042
grass01,1462,3050,3052,3048,3056,3044
grass01,1463,3052,3054,3050,3058,3046
grass01,1464,3054,3056,3052,3060,3048
grass01,1465,3056,3058,3054,3062,3050
grass01,1466,3058,3060,3056,3064,3052
grass01,1467,3060,3062,3058,3066,3054
grass01,1468,3062,3064,3060,3068,3056
grass01,1469,3064,3066,3062,3070,3058
grass01,1470,3066,3068,3064,3072,3060
grass01,1471,3068,3070,3066,3074,3062
grass01,1472,3070,3072,3068,3076,3064
grass01,1473,3072,3074,3070,3078,3066
grass01,1474,3074,3076,3072,3080,3068
grass01,1475,3076,3078,3074,3082,3070
grass01,1476,3078,3080,3076,3084,3072
grass01,1477,3080,3082,3078,3086,3074
grass01,1478,3082,3084,3080,3088,3076
grass01,1479,3084,3086,3082,3090,3078
grass01,1480,3086,3088,3084,3092,3080
grass01,1481,3088,3090,3086,3094,3082
grass01,1482,3090,3092,3088,3096,3084
grass01,1483,3092,3094,3090,3098,3086
grass01,1484,3094,3096,3092,3100,3088
grass01,1485,3096,3098,3094,3102,3090
grass01,1486,3098,3100,3096,3104,3092
grass01,1487,3100,3102,3098,3106,3094
grass01,1488,3102,3104,3100,3108,3096
grass01,1489,3104,3106,3102,3110,3098
grass01,1490,3106,3108,3104,3112,3100
grass01,1491,3108,3110,3106,3114,3102
grass01,1492,3110,3112,3108,3116,3104
grass01,1493,3112,3114,3110,3118,3106
grass01,1494,3114,3116,3112,3120,3108
grass01,1495,3116,3118,3114,3122,3110
grass01,1496,3118,3120,3116,3124,3112
grass01,1497,3120,3122,3118,3126,3114
grass01,1498,3122,3124,3120,3128,3116
grass01,1499,3124,3126,3122,3130,3118
grass01,1500,3126,3128,3124,3132,3120
grass01,1501,3128,3130,3126,3134,3122
grass01,1502,3130,3132,3128,3136,3124
grass01,1503,3132,3134,3130,3138,3126
grass01,1504,3134,3136,3132,3140,3128
grass01,1505,3136,3138,3134,3142,3130
grass01,1506,3138,3140,3136,3144,3132
grass01,1507,3140,3142,3138,3146,3134
grass01,1508,3142,3144,3140,3148,3136
grass01,1509,3144,3146,3142,3150,3138
grass01,1510,3146,3148,3144,3152,3140
grass01,1511,3148,3150,3146,3154,3142
grass01,1512,3150,3152,3148,3156,3144
grass01,1513,3152,3154,3150,3158,3146
grass01,1514,3154,3156,3152,3160,3148
grass01,1515,3156,3158,3154,3162,3150
grass01,1516,3158,3160,3156,3164,3152
grass01,1517,3160,3162,3158,3166,3154
grass01,1518,3162,3164,3160,3168,3156
grass01,1519,3164,3166,3162,3170,3158
grass01,1520,3166,3168,3164,3172,3160
grass01,1521,3168,3170,3166,3174,3162
grass01,1522,3170,3172,3168,3176,3164
grass01,1523,3172,3174,3170,3178,3166
grass01,1524,3174,3176,3172,3180,3168
grass01,1525,3176,3178,3174,3182,3170
grass01,1526,3178,3180,3176,3184,3172
grass01,1527,3180,3182,3178,3186,3174
grass01,1528,3182,3184,3180,3188,3176
grass01,1529,3184,3186,3182,3190,3178
grass01,1530,3186,3188,3184,3192,3180
grass01,1531,3188,3190,3186,3194,3182
grass01,1532,3190,3192,3188,3196,3184
grass01,1533,3192,3194,3190,3198,3186
grass01,1534,3194,3196,3192,3200,3188
grass01,1535,3196,3198,3194,3202,3190
grass01,1536,3198,3200,3196,3204,3192
grass01,1537,3200,3202,3198,3206,3194
grass01,1538,3202,3204,3200,3208,3196
grass01,1539,3204,3206,3202,3210,3198
grass01,1540,3206,3208,3204,3212,3200
grass01,1541,3208,3210,3206,3214,3202
grass01,1542,3210,3212,3208,3216,3204
grass01,1543,3212,3214,3210,3218,3206
grass01,1544,3214,3216,3212,3220,3208
grass01,1545,3216,3218,3214,3222,3210
grass01,1546,3218,3220,3216,3224,3212
grass01,1547,3220,3222,3218,3226,3214
grass01,1548,3222,3224,3220,3228,3216
grass01,1549,3224,3226,3222,3230,3218
grass01,1550,3226,3228,3224,3232,3220
grass01,1551,3228,3230,3226,3234,3222
grass01,1552,3230,3232,3228,3236,3224
grass01,1553,3232,3234,3230,3238,3226
grass01,1554,3234,3236,3232,3240,3228
grass01,1555,3236,3238,3234,3242,3230
grass01,1556,3238,3240,3236,3244,3232
grass01,1557,3240,3242,3238,3246,3234
grass01,1558,3242,3244,3240,3248,3236
grass01,1559,3244,3246,3242,3250,3238
grass01,1560,3246,3248,3244,3252,3240
grass01,1561,3248,3250,3246,3254,3242
grass01,1562,3250,3252,3248,3256,3244
grass01,1563,3252,3254,3250,3258,3246
grass01,1564,3254,3256,3252,3260,3248
grass01,1565,3256,3258,3254,3262,3250
grass01,1566,3258,3260,3256,3264,3252
grass01,1567,3260,3262,3258,3266,3254
grass01,1568,3262,3264,3260,3268,3256
grass01,1569,3264,3266,3262,3270,3258
grass01,1570,3266,3268,3264,3272,3260
grass01,1571,3268,3270,3266,3274,3262
grass01,1572,3270,3272,3268,3276,3264
grass01,1573,3272,3274,3270,3278,3266
grass01,1574,3274,3276,3272,3280,3268
grass01,1575,3276,3278,3274,3282,3270
grass01,1576,3278,3280,3276,3284,3272
grass01,1577,3280,3282,3278,3286,3274
grass01,1578,3282,3284,3280,3288,3276
grass01,1579,3284,3286,3282,3290,3278
grass01,1580,3286,3288,3284,3292,3280
grass01,1581,3288,3290,3286,3294,3282
grass01,1582,3290,3292,3288,3296,3284
grass01,1583,3292,3294,3290,3298,3286
grass01,1584,3294,3296,3292,3300,3288
grass01,1585,3296,3298,3294,3302,3290
grass01,1586,3298,3300,3296,3304,3292
grass01,1587,3300,3302,3298,3306,3294
grass01,1588,3302,3304,3300,3308,3296
grass01,1589,3304,3306,3302,3310,3298
grass01,1590,3306,3308,3304,3312,3300
grass01,1591,3308,3310,3306,3314,3302
grass01,1592,3310,3312,3308,3316,3304
grass01,1593,3312,3314,3310,3318,3306
grass01,1594,3314,3316,3312,3320,3308
grass01,1595,3316,3318,3314,3322,3310
grass01,1596,3318,3320,3316,3324,3312
grass01,1597,3320,3322,3318,3326,3314
grass01,1598,3322,3324,3320,3328,3316
grass01,1599,3324,3326,3322,3330,3318
grass01,1600,3326,3328,3324,3332,3320
grass01,1601,3328,3330,3326,3334,3322
grass01,1602,3330,3332,3328,3336,3324
grass01,1603,3332,3334,3330,3338,3326
grass01,1604,3334,3336,3332,3340,3328
grass01,1605,3336,3338,3334,3342,3330
grass01,1606,3338,3340,3336,3344,3332
grass01,1607,3340,3342,3338,3346,3334
grass01,1608,3342,3344,3340,3348,3336
grass01,1609,3344,3346,3342,3350,3338
grass01,1610,3346,3348,3344,3352,3340
grass01,1611,3348,3350,3346,3354,3342
grass01,1612,3350,3352,3348,3356,3344
grass01,1613,3352,3354,3350,3358,3346
grass01,1614,3354,3356,3352,3360,3348
grass01,1615,3356,3358,3354,3362,3350
grass01,1616,3358,3360,3356,3364,3352
grass01,1617,3360,3362,3358,3366,3354
grass01,1618,3362,3364,3360,3368,3356
grass01,1619,3364,3366,3362,3370,3358
grass01,1620,3366,3368,3364,3372,3360
grass01,1621,3368,3370,3366,3374,3362
grass01,1622,3370,3372,3368,3376,3364
grass01,1623,3372,3374,3370,3378,3366
grass01,1624,3374,3376,3372,3380,3368
grass01,1625,3376,3378,3374,3382,3370
grass01,1626,3378,3380,3376,3384,3372
grass01,1627,3380,3382,3378,3386,3374
grass01,1628,3382,3384,3380,3388,3376
grass01,1629,3384,3386,3382,3390,3378
grass01,1630,3386,3388,3384,3392,3380
grass01,1631,3388,3390,3386,3394,3382
grass01,1632,3390,3392,3388,3396,3384
grass01,1633,3392,3394,3390,3398,3386
grass01,1634,3394,3396,3392,3400,3388
grass01,1635,3396,3398,3394,3402,3390
grass01,1636,3398,3400,3396,3404,3392
grass01,1637,3400,3402,3398,3406,3394
grass01,1638,3402,3404,3400,3408,3396
grass01,1639,3404,3406,3402,3410,3398
grass01,1640,3406,3408,3404,3412,3400
grass01,1641,3408,3410,3406,3414,3402
grass01,1642,3410,3412,3408,3415,3404
grass01,1643,3412,3414,3410,3417,3406
grass01,1644,3414,3415,3412,3419,3408
grass01,1645,3415,3417,3414,3420,3410
grass01,1646,3417,3419,3415,3422,3412
grass01,1647,3419,3420,3417,3424,3414
grass01,1648,3420,3422,3419,3426,3415
grass01,1649,3422,3424,3420,3428,3417
grass01,1650,3424,3426,3422,3430,3419
grass01,1651,3426,3428,3424,3432,3420
grass01,1652,3428,3430,3426,3434,3422
grass01,1653,3430,3432,3428,3436,3424
grass01,1654,3432,3434,3430,3438,3426
grass01,1655,3434,3436,3432,3440,3428
grass01,1656,3436,3438,3434,3442,3430
grass01,1657,3438,3440,3436,3444,3432
grass01,1658,3440,3442,3438,3446,3434
grass01,1659,3442,3444,3440,3448,3436
grass01,1660,3444,3446,3442,3450,3438
grass01,1661,3446,3448,3444,3452,3440
grass01,1662,3448,3450,3446,3454,3442
grass01,1663,3450,3452,3448,3456,3444
grass01,1664,3452,3454,3450,3457,3446
grass01,1665,3454,3456,3452,3459,3448
grass01,1666,3456,3457,3454,3461,3450
grass01,1667,3457,3459,3456,3463,3452
grass01,1668,3459,3461,3457,3465,3454
grass01,1669,3461,3463,3459,3467,3456
grass01,1670,3463,3465,3461,3469,3457
grass01,1671,3465,3467,3463,3471,3459
grass01,1672,3467,3469,3465,3473,3461
grass01,1673,3469,3471,3467,3475,3463
grass01,1674,3471,3473,3469,3477,3465
grass01,1675,3473,3475,3471,3479,3467
grass01,1676,3475,3477,3473,3481,3469
grass01,1677,3477,3479,3475,3483,3471
grass01,1678,3479,3481,3477,3485,3473
grass01,1679,3481,3483,3479,3487,3475
grass01,1680,3483,3485,3481,3489,3477
grass01,1681,3485,3487,3483,3491,3479
grass01,1682,3487,3489,3485,3493,3481
grass01,1683,3489,3491,3487,3495,3483
grass01,1684,3491,3493,3489,3497,3485
grass01,1685,3493,3495,3491,3499,3487
grass01,1686,3495,3497,3493,3501,3489
grass01,1687,3497,3499,3495,3503,3491
grass01,1688,3499,3501,3497,3505,3493
grass01,1689,3501,3503,3499,3507,3495
grass01,1690,3503,3505,3501,3509,3497
grass01,1691,3505,3507,3503,3511,3499
grass01,1692,3507,3509,3505,3513,3501
grass01,1693,3509,3511,3507,3515,3503
grass01,1694,3511,3513,3509,3517,3505
grass01,1695,3513,3515,3511,3519,3507
grass01,1696,3515,3517,3513,3521,3509
grass01,1697,3517,3519,3515,3523,3511
grass01,1698,3519,3521,3517,3525,3513
grass01,1699,3521,3523,3519,3527,3515
grass01,1700,3523,3525,3521,3529,3517
grass01,1701,3525,3527,3523,3531,3519
grass01,1702,3527,3529,3525,3533,3521
grass01,1703,3529,3531,3527,3535,3523
grass01,1704,3531,3533,3529,3537,3525
grass01,1705,3533,3535,3531,3539,3527
grass01,1706,3535,3537,3533,3541,3529
grass01,1707,3537,3539,3535,3543,3531
grass01,1708,3539,3541,3537,3545,3533
grass01,1709,3541,3543,3539,3547,3535
grass01,1710,3543,3545,3541,3549,3537
grass01,1711,3545,3547,3543,3551,3539
grass01,1712,3547,3549,3545,3553,3541
grass01,1713,3549,3551,3547,3555,3543
grass01,1714,3551,3553,3549,3557,3545
grass01,1715,3553,3555,3551,3559,3547
grass01,1716,3555,3557,3553,3561,3549
grass01,1717,3557,3559,3555,3563,3551
grass01,1718,3559,3561,3557,3565,3553
grass01,1719,3561,3563,3559,3567,3555
grass01,1720,3563,3565,3561,3569,3557
grass01,1721,3565,3567,3563,3571,3559
grass01,1722,3567,3569,3565,3573,3561
grass01,1723,3569,3571,3567,3575,3563
grass01,1724,3571,3573,3569,3577,3565
grass01,1725,3573,3575,3571,3579,3567
grass01,1726,3575,3577,3573,3581,3569
grass01,1727,3577,3579,3575,3583,3571
grass01,1728,3579,3581,3577,3585,3573
grass01,1729,3581,3583,3579,3587,3575
grass01,1730,3583,3585,3581,3589,3577
grass01,1731,3585,3587,3583,3591,3579
grass01,1732,3587,3589,3585,3593,3581
grass01,1733,3589,3591,3587,3595,3583
grass01,1734,3591,3593,3589,3597,3585
grass01,1735,3593,3595,3591,3599,3587
grass01,1736,3595,3597,3593,3601,3589
grass01,1737,3597,3599,3595,3603,3591
grass01,1738,3599,3601,3597,3605,3593
grass01,1739,3601,3603,3599,3607,3595
grass01,1740,3603,3605,3601,3609,3597
grass01,1741,3605,3607,3603,3611,3599
grass01,1742,3607,3609,3605,3613,3601
grass01,1743,3609,3611,3607,3615,3603
grass01,1744,3611,3613,3609,3617,3605
grass01,1745,3613,3615,3611,3619,3607
grass01,1746,3615,3617,3613,3621,3609
grass01,1747,3617,3619,3615,3623,3611
grass01,1748,3619,3621,3617,3625,3613
grass01,1749,3621,3623,3619,3627,3615
grass01,1750,3623,3625,3621,3629,3617
grass01,1751,3625,3627,3623,3631,3619
grass01,1752,3627,3629,3625,3633,3621
grass01,1753,3629,3631,3627,3635,3623
grass01,1754,3631,3633,3629,3637,3625
grass01,1755,3633,3635,3631,3639,3627
grass01,1756,3635,3637,3633,3641,3629
grass01,1757,3637,3639,3635,3643,3631
grass01,1758,3639,3641,3637,3645,3633
grass01,1759,3641,3643,3639,3647,3635
grass01,1760,3643,3645,3641,3649,3637
grass01,1761,3645,3647,3643,3651,3639
grass01,1762,3647,3649,3645,3653,3641
grass01,1763,3649,3651,3647,3655,3643
grass01,1764,3651,3653,3649,3657,3645
grass01,1765,3653,3655,3651,3659,3647
grass01,1766,3655,3657,3653,3661,3649
grass01,1767,3657,3659,3655,3663,3651
grass01,1768,3659,3661,3657,3665,3653
grass01,1769,3661,3663,3659,3667,3655
grass01,1770,3663,3665,3661,3669,3657
grass01,1771,3665,3667,3663,3671,3659
grass01,1772,3667,3669,3665,3673,3661
grass01,1773,3669,3671,3667,3675,3663
grass01,1774,3671,3673,3669,3677,3665
grass01,1775,3673,3675,3671,3679,3667
grass01,1776,3675,3677,3673,3681,3669
grass01,1777,3677,3679,3675,3683,3671
grass01,1778,3679,3681,3677,3685,3673
grass01,1779,3681,3683,3679,3687,3675
grass01,1780,3683,3685,3681,3689,3677
grass01,1781,3685,3687,3683,3691,3679
grass01,1782,3687,3689,3685,3693,3681
grass01,1783,3689,3691,3687,3695,3683
grass01,1784,3691,3693,3689,3697,3685
grass01,1785,3693,3695,3691,3699,3687
grass01,1786,3695,3697,3693,3701,3689
grass01,1787,3697,3699,3695,3703,3691
grass01,1788,3699,3701,3697,3705,3693
grass01,1789,3701,3703,3699,3707,3695
grass01,1790,3703,3705,3701,3709,3697
grass01,1791,3705,3707,3703,3711,3699
grass01,1792,3707,3709,3705,3713,3701
grass01,1793,3709,3711,3707,3715,3703
grass01,1794,3711,3713,3709,3717,3705
grass01,1795,3713,3715,3711,3719,3707
grass01,1796,3715,3717,3713,3721,3709
grass01,1797,3717,3719,3715,3723,3711
grass01,1798,3719,3721,3717,3725,3713
grass01,1799,3721,3723,3719,3727,3715
grass01,1800,3723,3725,3721,3729,3717
grass01,1801,3725,3727,3723,3731,3719
grass01,1802,3727,3729,3725,3733,3721
grass01,1803,3729,3731,3727,3735,3723
grass01,1804,3731,3733,3729,3737,3725
grass01,1805,3733,3735,3731,3739,3727
grass01,1806,3735,3737,3733,3741,3729
grass01,1807,3737,3739,3735,3743,3731
grass01,1808,3739,3741,3737,3745,3733
grass01,1809,3741,3743,3739,3747,3735
grass01,1810,3743,3745,3741,3749,3737
grass01,1811,3745,3747,3743,3751,3739
grass01,1812,3747,3749,3745,3753,3741
grass01,1813,3749,3751,3747,3755,3743
grass01,1814,3751,3753,3749,3757,3745
grass01,1815,3753,3755,3751,3759,3747
grass01,1816,3755,3757,3753,3761,3749
grass01,1817,3757,3759,3755,3763,3751
grass01,1818,3759,3761,3757,3765,3753
grass01,1819,3761,3763,3759,3767,3755
grass01,1820,3763,3765,3761,3769,3757
grass01,1821,3765,3767,3763,3771,3759
grass01,1822,3767,3769,3765,3773,3761
grass01,1823,3769,3771,3767,3775,3763
grass01,1824,3771,3773,3769,3777,3765
grass01,1825,3773,3775,3771,3779,3767
grass01,1826,3775,3777,3773,3781,3769
grass01,1827,3777,3779,3775,3783,3771
grass01,1828,3779,3781,3777,3785,3773
grass01,1829,3781,3783,3779,3787,3775
grass01,1830,3783,3785,3781,3789,3777
grass01,1831,3785,3787,3783,3791,3779
grass01,1832,3787,3789,3785,3793,3781
