sequence_name,pose_index,0,1,-1,3,-3
room01,3,142,144,140,148,136
room01,4,144,146,142,150,138
room01,5,146,148,144,152,140
room01,6,148,150,146,154,142
room01,7,150,152,148,156,144
room01,8,152,154,150,158,146
room01,9,154,156,152,160,148
room01,10,156,158,154,162,150
room01,11,158,160,156,164,152
room01,12,160,162,158,166,154
room01,13,162,164,160,168,156
room01,14,164,166,162,170,158
room01,15,166,168,164,172,160
room01,16,168,170,166,174,162
room01,17,170,172,168,176,164
room01,18,172,174,170,178,166
room01,19,174,176,172,180,168
room01,20,176,178,174,182,170
room01,21,178,180,176,184,172
room01,22,180,182,178,186,174
room01,23,182,184,180,188,176
room01,24,184,186,182,190,178
room01,25,186,188,184,192,180
room01,26,188,190,186,194,182
room01,27,190,192,188,196,184
room01,28,192,194,190,198,186
room01,29,194,196,192,200,188
room01,30,196,198,194,202,190
room01,31,198,200,196,204,192
room01,32,200,202,198,206,194
room01,33,202,204,200,208,196
room01,34,204,206,202,210,198
room01,35,206,208,204,212,200
room01,36,208,210,206,214,202
room01,37,210,212,208,216,204
room01,38,212,214,210,218,206
room01,39,214,216,212,220,208
room01,40,216,218,214,222,210
room01,41,218,220,216,224,212
room01,42,220,222,218,226,214
room01,43,222,224,220,228,216
room01,44,224,226,222,230,218
room01,45,226,228,224,232,220
room01,46,228,230,226,234,222
room01,47,230,232,228,236,224
room01,48,232,234,230,238,226
room01,49,234,236,232,240,228
room01,50,236,238,234,242,230
room01,51,238,240,236,244,232
room01,52,240,242,238,246,234
room01,53,242,244,240,248,236
room01,54,244,246,242,250,238
room01,55,246,248,244,252,240
room01,56,248,250,246,254,242
room01,57,250,252,248,256,244
room01,58,252,254,250,258,246
room01,59,254,256,252,260,248
room01,60,256,258,254,262,250
room01,61,258,260,256,264,252
room01,62,260,262,258,266,254
room01,63,262,264,260,268,256
room01,64,264,266,262,270,258
room01,65,266,268,264,272,260
room01,66,268,270,266,274,262
room01,67,270,272,268,276,264
room01,68,272,274,270,278,266
room01,69,274,276,272,280,268
room01,70,276,278,274,282,270
room01,71,278,280,276,284,272
room01,72,280,282,278,286,274
room01,73,282,284,280,288,276
room01,74,284,286,282,290,278
room01,75,286,288,284,292,280
room01,76,288,290,286,294,282
room01,77,290,292,288,296,284
room01,78,292,294,290,298,286
room01,79,294,296,292,300,288
room01,80,296,298,294,302,290
room01,81,298,300,296,304,292
room01,82,300,302,298,306,294
room01,83,302,304,300,308,296
room01,84,304,306,302,310,298
room01,85,306,308,304,312,300
room01,86,308,310,306,314,302
room01,87,310,312,308,316,304
room01,88,312,314,310,318,306
room01,89,314,316,312,320,308
room01,90,316,318,314,322,310
room01,91,318,320,316,324,312
room01,92,320,322,318,326,314
room01,93,322,324,320,328,316
room01,94,324,326,322,330,318
room01,95,326,328,324,332,320
room01,96,328,330,326,334,322
room01,97,330,332,328,336,324
room01,98,332,334,330,338,326
room01,99,334,336,332,340,328
room01,100,336,338,334,342,330
room01,101,338,340,336,344,332
room01,102,340,342,338,346,334
room01,103,342,344,340,348,336
room01,104,344,346,342,350,338
room01,105,346,348,344,352,340
room01,106,348,350,346,354,342
room01,107,350,352,348,356,344
room01,108,352,354,350,358,346
room01,109,354,356,352,360,348
room01,110,356,358,354,362,350
room01,111,358,360,356,364,352
room01,112,360,362,358,366,354
room01,113,362,364,360,368,356
room01,114,364,366,362,370,358
room01,115,366,368,364,372,360
room01,116,368,370,366,374,362
room01,117,370,372,368,376,364
room01,118,372,374,370,378,366
room01,119,374,376,372,380,368
room01,120,376,378,374,382,370
room01,121,378,380,376,384,372
room01,122,380,382,378,386,374
room01,123,382,384,380,388,376
room01,124,384,386,382,390,378
room01,125,386,388,384,392,380
room01,126,388,390,386,394,382
room01,127,390,392,388,396,384
room01,128,392,394,390,398,386
room01,129,394,396,392,400,388
room01,130,396,398,394,402,390
room01,131,398,400,396,404,392
room01,132,400,402,398,406,394
room01,133,402,404,400,408,396
room01,134,404,406,402,410,398
room01,135,406,408,404,412,400
room01,136,408,410,406,414,402
room01,137,410,412,408,416,404
room01,138,412,414,410,418,406
room01,139,414,416,412,420,408
room01,140,416,418,414,422,410
room01,141,418,420,416,424,412
room01,142,420,422,418,426,414
room01,143,422,424,420,428,416
room01,144,424,426,422,430,418
room01,145,426,428,424,432,420
room01,146,428,430,426,434,422
room01,147,430,432,428,436,424
room01,148,432,434,430,438,426
room01,149,434,436,432,440,428
room01,150,436,438,434,442,430
room01,151,438,440,436,444,432
room01,152,440,442,438,446,434
room01,153,442,444,440,448,436
room01,154,444,446,442,450,438
room01,155,446,448,444,452,440
room01,156,448,450,446,454,442
room01,157,450,452,448,456,444
room01,158,452,454,450,458,446
room01,159,454,456,452,460,448
room01,160,456,458,454,462,450
room01,161,458,460,456,464,452
room01,162,460,462,458,466,454
room01,163,462,464,460,468,456
room01,164,464,466,462,470,458
room01,165,466,468,464,472,460
room01,166,468,470,466,474,462
room01,167,470,472,468,476,464
room01,168,472,474,470,478,466
room01,169,474,476,472,480,468
room01,170,476,478,474,482,470
room01,171,478,480,476,484,472
room01,172,480,482,478,486,474
room01,173,482,484,480,488,476
room01,174,484,486,482,490,478
room01,175,486,488,484,492,480
room01,176,488,490,486,494,482
room01,177,490,492,488,496,484
room01,178,492,494,490,498,486
room01,179,494,496,492,500,488
room01,180,496,498,494,502,490
room01,181,498,500,496,504,492
room01,182,500,502,498,506,494
room01,183,502,504,500,508,496
room01,184,504,506,502,510,498
room01,185,506,508,504,512,500
room01,186,508,510,506,514,502
room01,187,510,512,508,516,504
room01,188,512,514,510,518,506
room01,189,514,516,512,520,508
room01,190,516,518,514,522,510
room01,191,518,520,516,524,512
room01,192,520,522,518,526,514
room01,193,522,524,520,528,516
room01,194,524,526,522,530,518
room01,195,526,528,524,532,520
room01,196,528,530,526,534,522
room01,197,530,532,528,536,524
room01,198,532,534,530,538,526
room01,199,534,536,532,540,528
room01,200,536,538,534,542,530
room01,201,538,540,536,544,532
room01,202,540,542,538,546,534
room01,203,542,544,540,548,536
room01,204,544,546,542,550,538
room01,205,546,548,544,552,540
room01,206,548,550,546,554,542
room01,207,550,552,548,556,544
room01,208,552,554,550,558,546
room01,209,554,556,552,560,548
room01,210,556,558,554,562,550
room01,211,558,560,556,564,552
room01,212,560,562,558,566,554
room01,213,562,564,560,568,556
room01,214,564,566,562,570,558
room01,215,566,568,564,572,560
room01,216,568,570,566,574,562
room01,217,570,572,568,576,564
room01,218,572,574,570,578,566
room01,219,574,576,572,580,568
room01,220,576,578,574,582,570
room01,221,578,580,576,584,572
room01,222,580,582,578,586,574
room01,223,582,584,580,588,576
room01,224,584,586,582,590,578
room01,225,586,588,584,592,580
room01,226,588,590,586,594,582
room01,227,590,592,588,596,584
room01,228,592,594,590,598,586
room01,229,594,596,592,600,588
room01,230,596,598,594,602,590
room01,231,598,600,596,604,592
room01,232,600,602,598,606,594
room01,233,602,604,600,608,596
room01,234,604,606,602,610,598
room01,235,606,608,604,612,600
room01,236,608,610,606,614,602
room01,237,610,612,608,616,604
room01,238,612,614,610,618,606
room01,239,614,616,612,620,608
room01,240,616,618,614,622,610
room01,241,618,620,616,624,612
room01,242,620,622,618,626,614
room01,243,622,624,620,628,616
room01,244,624,626,622,630,618
room01,245,626,628,624,632,620
room01,246,628,630,626,634,622
room01,247,630,632,628,636,624
room01,248,632,634,630,638,626
room01,249,634,636,632,640,628
room01,250,636,638,634,642,630
room01,251,638,640,636,644,632
room01,252,640,642,638,646,634
room01,253,642,644,640,648,636
room01,254,644,646,642,650,638
room01,255,646,648,644,652,640
room01,256,648,650,646,654,642
room01,257,650,652,648,656,644
room01,258,652,654,650,658,646
room01,259,654,656,652,660,648
room01,260,656,658,654,662,650
room01,261,658,660,656,664,652
room01,262,660,662,658,666,654
room01,263,662,664,660,668,656
room01,264,664,666,662,670,658
room01,265,666,668,664,672,660
room01,266,668,670,666,674,662
room01,267,670,672,668,676,664
room01,268,672,674,670,678,666
room01,269,674,676,672,680,668
room01,270,676,678,674,682,670
room01,271,678,680,676,684,672
room01,272,680,682,678,686,674
room01,273,682,684,680,688,676
room01,274,684,686,682,690,678
room01,275,686,688,684,692,680
room01,276,688,690,686,694,682
room01,277,690,692,688,696,684
room01,278,692,694,690,698,686
room01,279,694,696,692,700,688
room01,280,696,698,694,702,690
room01,281,698,700,696,704,692
room01,282,700,702,698,706,694
room01,283,702,704,700,708,696
room01,284,704,706,702,710,698
room01,285,706,708,704,712,700
room01,286,708,710,706,714,702
room01,287,710,712,708,716,704
room01,288,712,714,710,718,706
room01,289,714,716,712,720,708
room01,290,716,718,714,722,710
room01,291,718,720,716,724,712
room01,292,720,722,718,726,714
room01,293,722,724,720,728,716
room01,294,724,726,722,730,718
room01,295,726,728,724,732,720
room01,296,728,730,726,734,722
room01,297,730,732,728,736,724
room01,298,732,734,730,738,726
room01,299,734,736,732,740,728
room01,300,736,738,734,742,730
room01,301,738,740,736,744,732
room01,302,740,742,738,746,734
room01,303,742,744,740,748,736
room01,304,744,746,742,750,738
room01,305,746,748,744,752,740
room01,306,748,750,746,754,742
room01,307,750,752,748,756,744
room01,308,752,754,750,758,746
room01,309,754,756,752,760,748
room01,310,756,758,754,762,750
room01,311,758,760,756,764,752
room01,312,760,762,758,766,754
room01,313,762,764,760,768,756
room01,314,764,766,762,770,758
room01,315,766,768,764,772,760
room01,316,768,770,766,774,762
room01,317,770,772,768,776,764
room01,318,772,774,770,778,766
room01,319,774,776,772,780,768
room01,320,776,778,774,782,770
room01,321,778,780,776,784,772
room01,322,780,782,778,786,774
room01,323,782,784,780,788,776
room01,324,784,786,782,790,778
room01,325,786,788,784,792,780
room01,326,788,790,786,794,782
room01,327,790,792,788,796,784
room01,328,792,794,790,798,786
room01,329,794,796,792,800,788
room01,330,796,798,794,802,790
room01,331,798,800,796,804,792
room01,332,800,802,798,806,794
room01,333,802,804,800,808,796
room01,334,804,806,802,810,798
room01,335,806,808,804,812,800
room01,336,808,810,806,814,802
room01,337,810,812,808,816,804
room01,338,812,814,810,818,806
room01,339,814,816,812,820,808
room01,340,816,818,814,822,810
room01,341,818,820,816,824,812
room01,342,820,822,818,826,814
room01,343,822,824,820,828,816
room01,344,824,826,822,830,818
room01,345,826,828,824,832,820
room01,346,828,830,826,834,822
room01,347,830,832,828,836,824
room01,348,832,834,830,838,826
room01,349,834,836,832,840,828
room01,350,836,838,834,842,830
room01,351,838,840,836,844,832
room01,352,840,842,838,846,834
room01,353,842,844,840,848,836
room01,354,844,846,842,850,838
room01,355,846,848,844,852,840
room01,356,848,850,846,854,842
room01,357,850,852,848,856,844
room01,358,852,854,850,858,846
room01,359,854,856,852,860,848
room01,360,856,858,854,862,850
room01,361,858,860,856,864,852
room01,362,860,862,858,866,854
room01,363,862,864,860,868,856
room01,364,864,866,862,870,858
room01,365,866,868,864,872,860
room01,366,868,870,866,874,862
room01,367,870,872,868,876,864
room01,368,872,874,870,878,866
room01,369,874,876,872,880,868
room01,370,876,878,874,882,870
room01,371,878,880,876,884,872
room01,372,880,882,878,886,874
room01,373,882,884,880,888,876
room01,374,884,886,882,890,878
room01,375,886,888,884,892,880
room01,376,888,890,886,894,882
room01,377,890,892,888,896,884
room01,378,892,894,890,898,886
room01,379,894,896,892,900,888
room01,380,896,898,894,902,890
room01,381,898,900,896,904,892
room01,382,900,902,898,906,894
room01,383,902,904,900,908,896
room01,384,904,906,902,910,898
room01,385,906,908,904,912,900
room01,386,908,910,906,914,902
room01,387,910,912,908,916,904
room01,388,912,914,910,918,906
room01,389,914,916,912,920,908
room01,390,916,918,914,922,910
room01,391,918,920,916,924,912
room01,392,920,922,918,926,914
room01,393,922,924,920,928,916
room01,394,924,926,922,930,918
room01,395,926,928,924,932,920
room01,396,928,930,926,934,922
room01,397,930,932,928,936,924
room01,398,932,934,930,938,926
room01,399,934,936,932,940,928
room01,400,936,938,934,942,930
room01,401,938,940,936,944,932
room01,402,940,942,938,946,934
room01,403,942,944,940,948,936
room01,404,944,946,942,950,938
room01,405,946,948,944,952,940
room01,406,948,950,946,954,942
room01,407,950,952,948,956,944
room01,408,952,954,950,958,946
room01,409,954,956,952,960,948
room01,410,956,958,954,962,950
room01,411,958,960,956,964,952
room01,412,960,962,958,966,954
room01,413,962,964,960,968,956
room01,414,964,966,962,970,958
room01,415,966,968,964,972,960
room01,416,968,970,966,974,962
room01,417,970,972,968,976,964
room01,418,972,974,970,978,966
room01,419,974,976,972,980,968
room01,420,976,978,974,982,970
room01,421,978,980,976,984,972
room01,422,980,982,978,986,974
room01,423,982,984,980,988,976
room01,424,984,986,982,990,978
room01,425,986,988,984,992,980
room01,426,988,990,986,994,982
room01,427,990,992,988,996,984
room01,428,992,994,990,998,986
room01,429,994,996,992,1000,988
room01,430,996,998,994,1002,990
room01,431,998,1000,996,1004,992
room01,432,1000,1002,998,1006,994
room01,433,1002,1004,1000,1008,996
room01,434,1004,1006,1002,1010,998
room01,435,1006,1008,1004,1012,1000
room01,436,1008,1010,1006,1014,1002
room01,437,1010,1012,1008,1016,1004
room01,438,1012,1014,1010,1018,1006
room01,439,1014,1016,1012,1020,1008
room01,440,1016,1018,1014,1022,1010
room01,441,1018,1020,1016,1024,1012
room01,442,1020,1022,1018,1026,1014
room01,443,1022,1024,1020,1028,1016
room01,444,1024,1026,1022,1030,1018
room01,445,1026,1028,1024,1032,1020
room01,446,1028,1030,1026,1034,1022
room01,447,1030,1032,1028,1036,1024
room01,448,1032,1034,1030,1038,1026
room01,449,1034,1036,1032,1040,1028
room01,450,1036,1038,1034,1042,1030
room01,451,1038,1040,1036,1044,1032
room01,452,1040,1042,1038,1046,1034
room01,453,1042,1044,1040,1048,1036
room01,454,1044,1046,1042,1050,1038
room01,455,1046,1048,1044,1052,1040
room01,456,1048,1050,1046,1054,1042
room01,457,1050,1052,1048,1056,1044
room01,458,1052,1054,1050,1058,1046
room01,459,1054,1056,1052,1060,1048
room01,460,1056,1058,1054,1062,1050
room01,461,1058,1060,1056,1064,1052
room01,462,1060,1062,1058,1066,1054
room01,463,1062,1064,1060,1068,1056
room01,464,1064,1066,1062,1070,1058
room01,465,1066,1068,1064,1072,1060
room01,466,1068,1070,1066,1074,1062
room01,467,1070,1072,1068,1076,1064
room01,468,1072,1074,1070,1078,1066
room01,469,1074,1076,1072,1080,1068
room01,470,1076,1078,1074,1082,1070
room01,471,1078,1080,1076,1084,1072
room01,472,1080,1082,1078,1086,1074
room01,473,1082,1084,1080,1088,1076
room01,474,1084,1086,1082,1090,1078
room01,475,1086,1088,1084,1092,1080
room01,476,1088,1090,1086,1094,1082
room01,477,1090,1092,1088,1096,1084
room01,478,1092,1094,1090,1098,1086
room01,479,1094,1096,1092,1100,1088
room01,480,1096,1098,1094,1102,1090
room01,481,1098,1100,1096,1104,1092
room01,482,1100,1102,1098,1106,1094
room01,483,1102,1104,1100,1108,1096
room01,484,1104,1106,1102,1110,1098
room01,485,1106,1108,1104,1112,1100
room01,486,1108,1110,1106,1114,1102
room01,487,1110,1112,1108,1116,1104
room01,488,1112,1114,1110,1118,1106
room01,489,1114,1116,1112,1120,1108
room01,490,1116,1118,1114,1122,1110
room01,491,1118,1120,1116,1124,1112
room01,492,1120,1122,1118,1126,1114
room01,493,1122,1124,1120,1128,1116
room01,494,1124,1126,1122,1130,1118
room01,495,1126,1128,1124,1132,1120
room01,496,1128,1130,1126,1134,1122
room01,497,1130,1132,1128,1136,1124
room01,498,1132,1134,1130,1138,1126
room01,499,1134,1136,1132,1140,1128
room01,500,1136,1138,1134,1142,1130
room01,501,1138,1140,1136,1144,1132
room01,502,1140,1142,1138,1146,1134
room01,503,1142,1144,1140,1148,1136
room01,504,1144,1146,1142,1150,1138
room01,505,1146,1148,1144,1152,1140
room01,506,1148,1150,1146,1154,1142
room01,507,1150,1152,1148,1156,1144
room01,508,1152,1154,1150,1158,1146
room01,509,1154,1156,1152,1160,1148
room01,510,1156,1158,1154,1162,1150
room01,511,1158,1160,1156,1164,1152
room01,512,1160,1162,1158,1166,1154
room01,513,1162,1164,1160,1168,1156
room01,514,1164,1166,1162,1170,1158
room01,515,1166,1168,1164,1172,1160
room01,516,1168,1170,1166,1174,1162
room01,517,1170,1172,1168,1176,1164
room01,518,1172,1174,1170,1178,1166
room01,519,1174,1176,1172,1180,1168
room01,520,1176,1178,1174,1182,1170
room01,521,1178,1180,1176,1184,1172
room01,522,1180,1182,1178,1186,1174
room01,523,1182,1184,1180,1188,1176
room01,524,1184,1186,1182,1190,1178
room01,525,1186,1188,1184,1192,1180
room01,526,1188,1190,1186,1194,1182
room01,527,1190,1192,1188,1196,1184
room01,528,1192,1194,1190,1198,1186
room01,529,1194,1196,1192,1200,1188
room01,530,1196,1198,1194,1202,1190
room01,531,1198,1200,1196,1204,1192
room01,532,1200,1202,1198,1206,1194
room01,533,1202,1204,1200,1208,1196
room01,534,1204,1206,1202,1210,1198
room01,535,1206,1208,1204,1212,1200
room01,536,1208,1210,1206,1214,1202
room01,537,1210,1212,1208,1216,1204
room01,538,1212,1214,1210,1218,1206
room01,539,1214,1216,1212,1220,1208
room01,540,1216,1218,1214,1222,1210
room01,541,1218,1220,1216,1224,1212
room01,542,1220,1222,1218,1226,1214
room01,543,1222,1224,1220,1228,1216
room01,544,1224,1226,1222,1230,1218
room01,545,1226,1228,1224,1232,1220
room01,546,1228,1230,1226,1234,1222
room01,547,1230,1232,1228,1236,1224
room01,548,1232,1234,1230,1238,1226
room01,549,1234,1236,1232,1240,1228
room01,550,1236,1238,1234,1242,1230
room01,551,1238,1240,1236,1244,1232
room01,552,1240,1242,1238,1246,1234
room01,553,1242,1244,1240,1248,1236
room01,554,1244,1246,1242,1250,1238
room01,555,1246,1248,1244,1252,1240
room01,556,1248,1250,1246,1254,1242
room01,557,1250,1252,1248,1256,1244
room01,558,1252,1254,1250,1258,1246
room01,559,1254,1256,1252,1260,1248
room01,560,1256,1258,1254,1262,1250
room01,561,1258,1260,1256,1264,1252
room01,562,1260,1262,1258,1266,1254
room01,563,1262,1264,1260,1268,1256
room01,564,1264,1266,1262,1270,1258
room01,565,1266,1268,1264,1272,1260
room01,566,1268,1270,1266,1274,1262
room01,567,1270,1272,1268,1276,1264
room01,568,1272,1274,1270,1278,1266
room01,569,1274,1276,1272,1280,1268
room01,570,1276,1278,1274,1282,1270
room01,571,1278,1280,1276,1284,1272
room01,572,1280,1282,1278,1286,1274
room01,573,1282,1284,1280,1288,1276
room01,574,1284,1286,1282,1290,1278
room01,575,1286,1288,1284,1292,1280
room01,576,1288,1290,1286,1294,1282
room01,577,1290,1292,1288,1296,1284
room01,578,1292,1294,1290,1298,1286
room01,579,1294,1296,1292,1300,1288
room01,580,1296,1298,1294,1302,1290
room01,581,1298,1300,1296,1304,1292
room01,582,1300,1302,1298,1306,1294
room01,583,1302,1304,1300,1308,1296
room01,584,1304,1306,1302,1310,1298
room01,585,1306,1308,1304,1312,1300
room01,586,1308,1310,1306,1314,1302
room01,587,1310,1312,1308,1316,1304
room01,588,1312,1314,1310,1318,1306
room01,589,1314,1316,1312,1320,1308
room01,590,1316,1318,1314,1322,1310
room01,591,1318,1320,1316,1324,1312
room01,592,1320,1322,1318,1326,1314
room01,593,1322,1324,1320,1328,1316
room01,594,1324,1326,1322,1330,1318
room01,595,1326,1328,1324,1332,1320
room01,596,1328,1330,1326,1334,1322
room01,597,1330,1332,1328,1336,1324
room01,598,1332,1334,1330,1338,1326
room01,599,1334,1336,1332,1340,1328
room01,600,1336,1338,1334,1342,1330
room01,601,1338,1340,1336,1344,1332
room01,602,1340,1342,1338,1346,1334
room01,603,1342,1344,1340,1348,1336
room01,604,1344,1346,1342,1350,1338
room01,605,1346,1348,1344,1352,1340
room01,606,1348,1350,1346,1354,1342
room01,607,1350,1352,1348,1356,1344
room01,608,1352,1354,1350,1358,1346
room01,609,1354,1356,1352,1360,1348
room01,610,1356,1358,1354,1362,1350
room01,611,1358,1360,1356,1364,1352
room01,612,1360,1362,1358,1366,1354
room01,613,1362,1364,1360,1368,1356
room01,614,1364,1366,1362,1370,1358
room01,615,1366,1368,1364,1372,1360
room01,616,1368,1370,1366,1374,1362
room01,617,1370,1372,1368,1376,1364
room01,618,1372,1374,1370,1378,1366
room01,619,1374,1376,1372,1380,1368
room01,620,1376,1378,1374,1382,1370
room01,621,1378,1380,1376,1384,1372
room01,622,1380,1382,1378,1386,1374
room01,623,1382,1384,1380,1388,1376
room01,624,1384,1386,1382,1390,1378
room01,625,1386,1388,1384,1392,1380
room01,626,1388,1390,1386,1394,1382
room01,627,1390,1392,1388,1396,1384
room01,628,1392,1394,1390,1398,1386
room01,629,1394,1396,1392,1400,1388
room01,630,1396,1398,1394,1402,1390
room01,631,1398,1400,1396,1404,1392
room01,632,1400,1402,1398,1406,1394
room01,633,1402,1404,1400,1408,1396
room01,634,1404,1406,1402,1410,1398
room01,635,1406,1408,1404,1412,1400
room01,636,1408,1410,1406,1414,1402
room01,637,1410,1412,1408,1416,1404
room01,638,1412,1414,1410,1418,1406
room01,639,1414,1416,1412,1420,1408
room01,640,1416,1418,1414,1422,1410
room01,641,1418,1420,1416,1424,1412
room01,642,1420,1422,1418,1426,1414
room01,643,1422,1424,1420,1428,1416
room01,644,1424,1426,1422,1430,1418
room01,645,1426,1428,1424,1432,1420
room01,646,1428,1430,1426,1434,1422
room01,647,1430,1432,1428,1436,1424
room01,648,1432,1434,1430,1438,1426
room01,649,1434,1436,1432,1440,1428
room01,650,1436,1438,1434,1442,1430
room01,651,1438,1440,1436,1444,1432
room01,652,1440,1442,1438,1446,1434
room01,653,1442,1444,1440,1448,1436
room01,654,1444,1446,1442,1450,1438
room01,655,1446,1448,1444,1452,1440
room01,656,1448,1450,1446,1454,1442
room01,657,1450,1452,1448,1456,1444
room01,658,1452,1454,1450,1458,1446
room01,659,1454,1456,1452,1460,1448
room01,660,1456,1458,1454,1462,1450
room01,661,1458,1460,1456,1464,1452
room01,662,1460,1462,1458,1466,1454
room01,663,1462,1464,1460,1468,1456
room01,664,1464,1466,1462,1470,1458
room01,665,1466,1468,1464,1472,1460
room01,666,1468,1470,1466,1474,1462
room01,667,1470,1472,1468,1476,1464
room01,668,1472,1474,1470,1478,1466
room01,669,1474,1476,1472,1480,1468
room01,670,1476,1478,1474,1482,1470
room01,671,1478,1480,1476,1484,1472
room01,672,1480,1482,1478,1486,1474
room01,673,1482,1484,1480,1488,1476
room01,674,1484,1486,1482,1490,1478
room01,675,1486,1488,1484,1492,1480
room01,676,1488,1490,1486,1494,1482
room01,677,1490,1492,1488,1496,1484
room01,678,1492,1494,1490,1498,1486
room01,679,1494,1496,1492,1500,1488
room01,680,1496,1498,1494,1502,1490
room01,681,1498,1500,1496,1504,1492
room01,682,1500,1502,1498,1506,1494
room01,683,1502,1504,1500,1508,1496
room01,684,1504,1506,1502,1510,1498
room01,685,1506,1508,1504,1512,1500
room01,686,1508,1510,1506,1514,1502
room01,687,1510,1512,1508,1516,1504
room01,688,1512,1514,1510,1518,1506
room01,689,1514,1516,1512,1520,1508
room01,690,1516,1518,1514,1522,1510
room01,691,1518,1520,1516,1524,1512
room01,692,1520,1522,1518,1526,1514
room01,693,1522,1524,1520,1528,1516
room01,694,1524,1526,1522,1530,1518
room01,695,1526,1528,1524,1532,1520
room01,696,1528,1530,1526,1534,1522
room01,697,1530,1532,1528,1536,1524
room01,698,1532,1534,1530,1538,1526
room01,699,1534,1536,1532,1540,1528
room01,700,1536,1538,1534,1542,1530
room01,701,1538,1540,1536,1544,1532
room01,702,1540,1542,1538,1546,1534
room01,703,1542,1544,1540,1548,1536
room01,704,1544,1546,1542,1550,1538
room01,705,1546,1548,1544,1552,1540
room01,706,1548,1550,1546,1554,1542
room01,707,1550,1552,1548,1556,1544
room01,708,1552,1554,1550,1558,1546
room01,709,1554,1556,1552,1560,1548
room01,710,1556,1558,1554,1562,1550
room01,711,1558,1560,1556,1564,1552
room01,712,1560,1562,1558,1566,1554
room01,713,1562,1564,1560,1568,1556
room01,714,1564,1566,1562,1570,1558
room01,715,1566,1568,1564,1572,1560
room01,716,1568,1570,1566,1574,1562
room01,717,1570,1572,1568,1576,1564
room01,718,1572,1574,1570,1578,1566
room01,719,1574,1576,1572,1580,1568
room01,720,1576,1578,1574,1582,1570
room01,721,1578,1580,1576,1584,1572
room01,722,1580,1582,1578,1586,1574
room01,723,1582,1584,1580,1588,1576
room01,724,1584,1586,1582,1590,1578
room01,725,1586,1588,1584,1592,1580
room01,726,1588,1590,1586,1594,1582
room01,727,1590,1592,1588,1596,1584
room01,728,1592,1594,1590,1598,1586
room01,729,1594,1596,1592,1600,1588
room01,730,1596,1598,1594,1602,1590
room01,731,1598,1600,1596,1604,1592
room01,732,1600,1602,1598,1606,1594
room01,733,1602,1604,1600,1608,1596
room01,734,1604,1606,1602,1610,1598
room01,735,1606,1608,1604,1612,1600
room01,736,1608,1610,1606,1614,1602
room01,737,1610,1612,1608,1616,1604
room01,738,1612,1614,1610,1618,1606
room01,739,1614,1616,1612,1620,1608
room01,740,1616,1618,1614,1622,1610
room01,741,1618,1620,1616,1624,1612
room01,742,1620,1622,1618,1626,1614
room01,743,1622,1624,1620,1628,1616
room01,744,1624,1626,1622,1630,1618
room01,745,1626,1628,1624,1632,1620
room01,746,1628,1630,1626,1634,1622
room01,747,1630,1632,1628,1636,1624
room01,748,1632,1634,1630,1638,1626
room01,749,1634,1636,1632,1640,1628
room01,750,1636,1638,1634,1642,1630
room01,751,1638,1640,1636,1644,1632
room01,752,1640,1642,1638,1646,1634
room01,753,1642,1644,1640,1648,1636
room01,754,1644,1646,1642,1650,1638
room01,755,1646,1648,1644,1652,1640
room01,756,1648,1650,1646,1654,1642
room01,757,1650,1652,1648,1656,1644
room01,758,1652,1654,1650,1658,1646
room01,759,1654,1656,1652,1660,1648
room01,760,1656,1658,1654,1662,1650
room01,761,1658,1660,1656,1664,1652
room01,762,1660,1662,1658,1666,1654
room01,763,1662,1664,1660,1668,1656
room01,764,1664,1666,1662,1670,1658
room01,765,1666,1668,1664,1672,1660
room01,766,1668,1670,1666,1674,1662
room01,767,1670,1672,1668,1676,1664
room01,768,1672,1674,1670,1678,1666
room01,769,1674,1676,1672,1680,1668
room01,770,1676,1678,1674,1682,1670
room01,771,1678,1680,1676,1684,1672
room01,772,1680,1682,1678,1686,1674
room01,773,1682,1684,1680,1688,1676
room01,774,1684,1686,1682,1690,1678
room01,775,1686,1688,1684,1692,1680
room01,776,1688,1690,1686,1694,1682
room01,777,1690,1692,1688,1696,1684
room01,778,1692,1694,1690,1698,1686
room01,779,1694,1696,1692,1700,1688
room01,780,1696,1698,1694,1702,1690
room01,781,1698,1700,1696,1704,1692
room01,782,1700,1702,1698,1706,1694
room01,783,1702,1704,1700,1708,1696
room01,784,1704,1706,1702,1710,1698
room01,785,1706,1708,1704,1712,1700
room01,786,1708,1710,1706,1714,1702
room01,787,1710,1712,1708,1716,1704
room01,788,1712,1714,1710,1718,1706
room01,789,1714,1716,1712,1720,1708
room01,790,1716,1718,1714,1722,1710
room01,791,1718,1720,1716,1724,1712
room01,792,1720,1722,1718,1726,1714
room01,793,1722,1724,1720,1728,1716
room01,794,1724,1726,1722,1730,1718
room01,795,1726,1728,1724,1732,1720
room01,796,1728,1730,1726,1734,1722
room01,797,1730,1732,1728,1736,1724
room01,798,1732,1734,1730,1738,1726
room01,799,1734,1736,1732,1740,1728
room01,800,1736,1738,1734,1742,1730
room01,801,1738,1740,1736,1744,1732
room01,802,1740,1742,1738,1746,1734
room01,803,1742,1744,1740,1748,1736
room01,804,1744,1746,1742,1750,1738
room01,805,1746,1748,1744,1752,1740
room01,806,1748,1750,1746,1754,1742
room01,807,1750,1752,1748,1756,1744
room01,808,1752,1754,1750,1758,1746
room01,809,1754,1756,1752,1760,1748
room01,810,1756,1758,1754,1762,1750
room01,811,1758,1760,1756,1764,1752
room01,812,1760,1762,1758,1766,1754
room01,813,1762,1764,1760,1768,1756
room01,814,1764,1766,1762,1770,1758
room01,815,1766,1768,1764,1772,1760
room01,816,1768,1770,1766,1774,1762
room01,817,1770,1772,1768,1776,1764
room01,818,1772,1774,1770,1778,1766
room01,819,1774,1776,1772,1780,1768
room01,820,1776,1778,1774,1782,1770
room01,821,1778,1780,1776,1784,1772
room01,822,1780,1782,1778,1786,1774
room01,823,1782,1784,1780,1788,1776
room01,824,1784,1786,1782,1790,1778
room01,825,1786,1788,1784,1792,1780
room01,826,1788,1790,1786,1794,1782
room01,827,1790,1792,1788,1796,1784
room01,828,1792,1794,1790,1798,1786
room01,829,1794,1796,1792,1800,1788
room01,830,1796,1798,1794,1802,1790
room01,831,1798,1800,1796,1804,1792
room01,832,1800,1802,1798,1806,1794
room01,833,1802,1804,1800,1808,1796
room01,834,1804,1806,1802,1810,1798
room01,835,1806,1808,1804,1812,1800
room01,836,1808,1810,1806,1814,1802
room01,837,1810,1812,1808,1816,1804
room01,838,1812,1814,1810,1818,1806
room01,839,1814,1816,1812,1820,1808
room01,840,1816,1818,1814,1822,1810
room01,841,1818,1820,1816,1824,1812
room01,842,1820,1822,1818,1826,1814
room01,843,1822,1824,1820,1828,1816
room01,844,1824,1826,1822,1830,1818
room01,845,1826,1828,1824,1832,1820
room01,846,1828,1830,1826,1834,1822
room01,847,1830,1832,1828,1836,1824
room01,848,1832,1834,1830,1838,1826
room01,849,1834,1836,1832,1840,1828
room01,850,1836,1838,1834,1842,1830
room01,851,1838,1840,1836,1844,1832
room01,852,1840,1842,1838,1846,1834
room01,853,1842,1844,1840,1848,1836
room01,854,1844,1846,1842,1850,1838
room01,855,1846,1848,1844,1852,1840
room01,856,1848,1850,1846,1854,1842
room01,857,1850,1852,1848,1856,1844
room01,858,1852,1854,1850,1858,1846
room01,859,1854,1856,1852,1860,1848
room01,860,1856,1858,1854,1862,1850
room01,861,1858,1860,1856,1864,1852
room01,862,1860,1862,1858,1866,1854
room01,863,1862,1864,1860,1868,1856
room01,864,1864,1866,1862,1870,1858
room01,865,1866,1868,1864,1872,1860
room01,866,1868,1870,1866,1874,1862
room01,867,1870,1872,1868,1876,1864
room01,868,1872,1874,1870,1878,1866
room01,869,1874,1876,1872,1880,1868
room01,870,1876,1878,1874,1882,1870
room01,871,1878,1880,1876,1884,1872
room01,872,1880,1882,1878,1886,1874
room01,873,1882,1884,1880,1888,1876
room01,874,1884,1886,1882,1890,1878
room01,875,1886,1888,1884,1892,1880
room01,876,1888,1890,1886,1894,1882
room01,877,1890,1892,1888,1896,1884
room01,878,1892,1894,1890,1898,1886
room01,879,1894,1896,1892,1900,1888
room01,880,1896,1898,1894,1902,1890
room01,881,1898,1900,1896,1904,1892
room01,882,1900,1902,1898,1906,1894
room01,883,1902,1904,1900,1908,1896
room01,884,1904,1906,1902,1910,1898
room01,885,1906,1908,1904,1912,1900
room01,886,1908,1910,1906,1914,1902
room01,887,1910,1912,1908,1916,1904
room01,888,1912,1914,1910,1918,1906
room01,889,1914,1916,1912,1920,1908
room01,890,1916,1918,1914,1922,1910
room01,891,1918,1920,1916,1924,1912
room01,892,1920,1922,1918,1926,1914
room01,893,1922,1924,1920,1928,1916
room01,894,1924,1926,1922,1930,1918
room01,895,1926,1928,1924,1932,1920
room01,896,1928,1930,1926,1934,1922
room01,897,1930,1932,1928,1936,1924
room01,898,1932,1934,1930,1938,1926
room01,899,1934,1936,1932,1940,1928
room01,900,1936,1938,1934,1942,1930
room01,901,1938,1940,1936,1944,1932
room01,902,1940,1942,1938,1946,1934
room01,903,1942,1944,1940,1948,1936
room01,904,1944,1946,1942,1950,1938
room01,905,1946,1948,1944,1952,1940
room01,906,1948,1950,1946,1954,1942
room01,907,1950,1952,1948,1956,1944
room01,908,1952,1954,1950,1958,1946
room01,909,1954,1956,1952,1960,1948
room01,910,1956,1958,1954,1962,1950
room01,911,1958,1960,1956,1964,1952
room01,912,1960,1962,1958,1966,1954
room01,913,1962,1964,1960,1968,1956
room01,914,1964,1966,1962,1970,1958
room01,915,1966,1968,1964,1972,1960
room01,916,1968,1970,1966,1974,1962
room01,917,1970,1972,1968,1976,1964
room01,918,1972,1974,1970,1978,1966
room01,919,1974,1976,1972,1980,1968
room01,920,1976,1978,1974,1982,1970
room01,921,1978,1980,1976,1984,1972
room01,922,1980,1982,1978,1986,1974
room01,923,1982,1984,1980,1988,1976
room01,924,1984,1986,1982,1990,1978
room01,925,1986,1988,1984,1992,1980
room01,926,1988,1990,1986,1994,1982
room01,927,1990,1992,1988,1996,1984
room01,928,1992,1994,1990,1998,1986
room01,929,1994,1996,1992,2000,1988
room01,930,1996,1998,1994,2002,1990
room01,931,1998,2000,1996,2004,1992
room01,932,2000,2002,1998,2006,1994
room01,933,2002,2004,2000,2008,1996
room01,934,2004,2006,2002,2010,1998
room01,935,2006,2008,2004,2012,2000
room01,936,2008,2010,2006,2014,2002
room01,937,2010,2012,2008,2016,2004
room01,938,2012,2014,2010,2018,2006
room01,939,2014,2016,2012,2020,2008
room01,940,2016,2018,2014,2022,2010
room01,941,2018,2020,2016,2024,2012
room01,942,2020,2022,2018,2026,2014
room01,943,2022,2024,2020,2028,2016
room01,944,2024,2026,2022,2030,2018
room01,945,2026,2028,2024,2032,2020
room01,946,2028,2030,2026,2034,2022
room01,947,2030,2032,2028,2036,2024
room01,948,2032,2034,2030,2038,2026
room01,949,2034,2036,2032,2040,2028
room01,950,2036,2038,2034,2042,2030
room01,951,2038,2040,2036,2044,2032
room01,952,2040,2042,2038,2046,2034
room01,953,2042,2044,2040,2048,2036
room01,954,2044,2046,2042,2050,2038
room01,955,2046,2048,2044,2052,2040
room01,956,2048,2050,2046,2054,2042
room01,957,2050,2052,2048,2056,2044
room01,958,2052,2054,2050,2058,2046
room01,959,2054,2056,2052,2060,2048
room01,960,2056,2058,2054,2062,2050
room01,961,2058,2060,2056,2064,2052
room01,962,2060,2062,2058,2066,2054
room01,963,2062,2064,2060,2068,2056
room01,964,2064,2066,2062,2070,2058
room01,965,2066,2068,2064,2072,2060
room01,966,2068,2070,2066,2074,2062
room01,967,2070,2072,2068,2076,2064
room01,968,2072,2074,2070,2078,2066
room01,969,2074,2076,2072,2080,2068
room01,970,2076,2078,2074,2082,2070
room01,971,2078,2080,2076,2084,2072
room01,972,2080,2082,2078,2086,2074
room01,973,2082,2084,2080,2088,2076
room01,974,2084,2086,2082,2090,2078
room01,975,2086,2088,2084,2092,2080
room01,976,2088,2090,2086,2094,2082
room01,977,2090,2092,2088,2096,2084
room01,978,2092,2094,2090,2098,2086
room01,979,2094,2096,2092,2100,2088
room01,980,2096,2098,2094,2102,2090
room01,981,2098,2100,2096,2104,2092
room01,982,2100,2102,2098,2106,2094
room01,983,2102,2104,2100,2108,2096
room01,984,2104,2106,2102,2110,2098
room01,985,2106,2108,2104,2112,2100
room01,986,2108,2110,2106,2114,2102
room01,987,2110,2112,2108,2116,2104
room01,988,2112,2114,2110,2118,2106
room01,989,2114,2116,2112,2120,2108
room01,990,2116,2118,2114,2122,2110
room01,991,2118,2120,2116,2124,2112
room01,992,2120,2122,2118,2126,2114
room01,993,2122,2124,2120,2128,2116
room01,994,2124,2126,2122,2130,2118
room01,995,2126,2128,2124,2132,2120
room01,996,2128,2130,2126,2134,2122
room01,997,2130,2132,2128,2136,2124
room01,998,2132,2134,2130,2138,2126
room01,999,2134,2136,2132,2140,2128
room01,1000,2136,2138,2134,2142,2130
room01,1001,2138,2140,2136,2144,2132
room01,1002,2140,2142,2138,2146,2134
room01,1003,2142,2144,2140,2148,2136
room01,1004,2144,2146,2142,2150,2138
room01,1005,2146,2148,2144,2152,2140
room01,1006,2148,2150,2146,2154,2142
room01,1007,2150,2152,2148,2156,2144
room01,1008,2152,2154,2150,2158,2146
room01,1009,2154,2156,2152,2160,2148
room01,1010,2156,2158,2154,2162,2150
room01,1011,2158,2160,2156,2164,2152
room01,1012,2160,2162,2158,2166,2154
room01,1013,2162,2164,2160,2168,2156
room01,1014,2164,2166,2162,2170,2158
room01,1015,2166,2168,2164,2172,2160
room01,1016,2168,2170,2166,2174,2162
room01,1017,2170,2172,2168,2176,2164
room01,1018,2172,2174,2170,2178,2166
room01,1019,2174,2176,2172,2180,2168
room01,1020,2176,2178,2174,2182,2170
room01,1021,2178,2180,2176,2184,2172
room01,1022,2180,2182,2178,2186,2174
room01,1023,2182,2184,2180,2188,2176
room01,1024,2184,2186,2182,2190,2178
room01,1025,2186,2188,2184,2192,2180
room01,1026,2188,2190,2186,2194,2182
room01,1027,2190,2192,2188,2196,2184
room01,1028,2192,2194,2190,2198,2186
room01,1029,2194,2196,2192,2200,2188
room01,1030,2196,2198,2194,2202,2190
room01,1031,2198,2200,2196,2204,2192
room01,1032,2200,2202,2198,2206,2194
room01,1033,2202,2204,2200,2208,2196
room01,1034,2204,2206,2202,2210,2198
room01,1035,2206,2208,2204,2212,2200
room01,1036,2208,2210,2206,2214,2202
room01,1037,2210,2212,2208,2216,2204
room01,1038,2212,2214,2210,2218,2206
room01,1039,2214,2216,2212,2220,2208
room01,1040,2216,2218,2214,2222,2210
room01,1041,2218,2220,2216,2224,2212
room01,1042,2220,2222,2218,2226,2214
room01,1043,2222,2224,2220,2228,2216
room01,1044,2224,2226,2222,2230,2218
room01,1045,2226,2228,2224,2232,2220
room01,1046,2228,2230,2226,2234,2222
room01,1047,2230,2232,2228,2236,2224
room01,1048,2232,2234,2230,2238,2226
room01,1049,2234,2236,2232,2240,2228
room01,1050,2236,2238,2234,2242,2230
room01,1051,2238,2240,2236,2244,2232
room01,1052,2240,2242,2238,2246,2234
room01,1053,2242,2244,2240,2248,2236
room01,1054,2244,2246,2242,2250,2238
room01,1055,2246,2248,2244,2252,2240
room01,1056,2248,2250,2246,2254,2242
room01,1057,2250,2252,2248,2256,2244
room01,1058,2252,2254,2250,2258,2246
room01,1059,2254,2256,2252,2260,2248
room01,1060,2256,2258,2254,2262,2250
room01,1061,2258,2260,2256,2264,2252
room01,1062,2260,2262,2258,2266,2254
room01,1063,2262,2264,2260,2268,2256
